Частоти літер:
о: 670
е: 564
и: 450
н: 404
т: 399
а: 394
с: 389
в: 275
р: 245
к: 197
м: 188
л: 182
д: 174
п: 164
у: 135
я: 135
з: 108
г: 104
б: 97
ь: 88
ы: 82
ч: 74
й: 71
ж: 57
х: 47
ш: 43
э: 33
ц: 28
ю: 27
щ: 19
ф: 3

Частоти біграм (пари букв, що перетинаються):
     а     б     в     г     д     е     ж     з     и     й     к     л     м     н     о     п     р     с     т     у     ф     х     ц     ч     ш     щ     ы     ь     э     ю     я
а     1     6    27     5    13    32    12    26     5     3    42    33    27    42     6     7    14    31    30     2     0     5     2     6     2     2     0     0     3     1     8 
б     4     0     0     0     0    10     0     0    13     0     0     3     0     3    15     0    11     6     0     1     0     3     0     0     0     2    17     0     0     0     9 
в    27     2     1     2    10    45     1     4    33     0     4     9     1    12    47     4     7    36     4     6     0     0     0     0     3     0    12     0     1     0     4 
г     6     0     0     0     3     8     0     0    15     0     0     5     0     1    55     0     7     0     0     1     0     0     0     3     0     0     0     0     0     0     0 
д    18     0     7     1     0    34     0     0    23     0     5     8     3    10    30     2    12     4     1     7     0     0     1     1     0     0     4     3     0     0     0 
е     3    13    30    20    29    12     4    13    10    13    16    33    31    92    10    22    54    63    52     5     0     7     4    13     4     1     0     0     4     1     5 
ж     2     0     0     0    14    26     0     0     6     0     0     0     0     9     0     0     0     0     0     0     0     0     0     0     0     0     0     0     0     0     0 
з    39     2     7     2     5     2     0     2     4     0     0     1     4    17     8     1     6     1     0     0     0     0     0     0     0     0     4     0     1     0     2 
и     1     8    28     9    11    35     3    24    17    23    19    12    33    36    13    15    15    22    40     2     0    16     2    18     9     2     0     0     3     4    30 
й     0     0     3     2     4     0     1     0     4     0     0     1     4     7     5    11     0    19     3     2     1     0     2     0     1     0     0     0     1     0     0 
к    50     2     5     1     3     3     1     1    22     0     4     1     2     4    62     2     3    13     9     6     0     0     1     1     0     0     0     0     1     0     0 
л    17     3     0     0     0    33     3     0    37     0     4     1     0     7    18     2     1     6     0     7     0     0     0     0     0     0     2    24     3     2    12 
м     8     2     3     2     5    24     0     1    19     0     7     3     0    12    33     9     0    18     3    15     0     0     0     6     0     0    13     0     1     0     4 
н    80     3     1     1     8    49     0     0    94     0     2     0     1    22    86     5     1     1     5    14     0     0     1     1     0     3    18     1     0     1     6 
о     2    36    61    41    34    39    15    19    15    25    20    36    46    33    15    26    26    78    63     2     1     1     3    11     6     0     0     0     9     2     5 
п     7     0     0     0     0    13     0     0     6     0     0     2     0     6    53     0    59    11     4     1     0     0     0     0     0     0     2     0     0     0     0 
р    59     0     4     1     1    53     2     0    36     0     1     0     0     5    41     0     0     3     0    15     0     4     0     0     8     0     6     1     0     1     4 
с    10     0    20     1     5    23     0     0    20     0    41    22     9     8    29    12     0     6   109    18     1     3     1     3     1     0     2     9     0     0    36 
т    20     3    37     1     2    31     0     2    35     0     5     0     0    19   106     6    19    30     2    17     0     0    10     2     1     0     2    44     1     2     2 
у    11    11     7    10    11     3    13     1     4     1     5     0     4     5     2    17     2     4     5     0     0     2     0     2     3     4     0     0     0     8     0 
ф     0     0     0     0     0     1     0     0     1     0     0     0     0     0     1     0     0     0     0     0     0     0     0     0     0     0     0     0     0     0     0 
х     2     0     2     0     0     1     0     2     4     0     2     0     0     2    19     3     4     2     1     0     0     0     0     0     0     0     0     0     1     0     2 
ц    10     0     0     0     0    11     0     0     3     0     0     0     0     0     0     1     0     0     0     3     0     0     0     0     0     0     0     0     0     0     0 
ч     7     0     0     0     0    31     0     0     3     0     2     0     0     6     0     0     0     0    20     5     0     0     0     0     0     0     0     0     0     0     0 
ш     6     0     0     0     0    21     0     0     3     0     4     1     0     0     0     0     0     0     0     2     0     0     0     0     0     0     0     6     0     0     0 
щ     1     0     0     0     0     8     0     0     7     0     0     0     0     3     0     0     0     0     0     0     0     0     0     0     0     0     0     0     0     0     0 
ы     1     1     9     1     5     1     1     5     2     6     0     6    14     5     2     4     2     8     3     0     0     4     0     0     1     0     0     0     1     0     0 
ь     0     3     4     1     3     2     0     2     1     0     5     0     1    23     3     3     0    11     4     2     0     1     1     5     2     0     0     0     3     4     4 
э     0     0     0     0     2     0     0     0     0     0     1     0     0     0     0     4     0     0    26     0     0     0     0     0     0     0     0     0     0     0     0 
ю     0     2     2     0     1     1     0     1     0     0     1     0     1     0     3     0     0     3     4     1     0     0     0     0     2     5     0     0     0     0     0 
я     2     0    17     3     5    11     1     5     8     0     7     5     7    15     8     8     2    13    11     1     0     1     0     2     0     0     0     0     0     1     2 
