Частоти літер:
о: 388
з: 355
ш: 348
я: 314
ж: 312
к: 285
ы: 272
п: 222
д: 210
й: 204
е: 198
б: 193
м: 186
с: 181
у: 180
л: 171
щ: 161
ц: 155
н: 151
ф: 147
в: 144
а: 139
ч: 138
р: 137
ю: 121
э: 115
х: 109
и: 94
т: 92
г: 62
ь: 62

Частоти біграм (пари букв, що перетинаються):
     а     б     в     г     д     е     ж     з     и     й     к     л     м     н     о     п     р     с     т     у     ф     х     ц     ч     ш     щ     ы     ь     э     ю     я
а     2     9     4     0     2     2     8    13     0    24     5    10     3    21    18     1     0     2     2     0     1     1     0     0     2     1     4     0     1     0     3 
б     3     3     1     6     0     1    41    15     5     7    11     4     8     1     1     5    11     0     5     1     2     2     2    25     3     0     0     1     5     3    18 
в     2    10     0     1    19     0    24     6     0     0    19     7     5     1     9     0     3     0     0     6     2     6     0     4     0     5     3     0     1     7     3 
г     0     0     0     1     4     1     2     0     0     1     0     7     1     1     4     5     1     0     0     1    10     0     5     0     5     1     0     0     1     0    11 
д     9    14    17     0     3     3    10     3     3     4     0     7     6     8    49     4     5     3     4     9     0     2     5     3     4     3     6     9     2     3     8 
е     1     0     0     1     5     2     0    21     0     0    13     9     1     1     0     1     5     3     2     0     5     0     1     4    68     0    50     3     0     0     2 
ж     5    11     3     6    28    10    14    26    14     7     6     3     4     6     4    14     6     2     1    36     7    10     8     0    34     8     5     5     4    11    11 
з     5    21    17     3     8    16     7     6     2     4    10    13     9    19    48    15     5    16     5    11     6    18     4     7    26    10     9     3     3    12    12 
и     3     6     5     1     2     7     1     0     0     1     0     8     4     1     6    16     0     0     2     0     4     0     0     0     0     1    24     0     0     0     1 
й     3     7     3     3     8     7     5     3     1     5    36     1     5     3     1     4     6    25     7     3     6     6     1     5    21     3     6     2    12     5     1 
к    16    17     8     7     2     6    28    27     1     6    18     3    10     3     8     6     7    10     5     6     6     5    12     7    21     8    15     2     0     6     4 
л     2     4    22     4     2     0    14    15     3     0     5     5     3     3     7     1     1     2     6     0     3     0    22     2     1     7    16     1     1     1    16 
м     1     0     1     5     7     2     2    17    13     5    12     2     0     2    28     1     2     6     0    26     1     0     0     0     4     2    16     1     5     2    22 
н     3     4     1     0     3     4     2    19     2     1     0     0     0     4    25     2     5     3     2     0     5     3     3     0    35     4     8     0     7     3     2 
о     6     2    14     5    15    38    18     9     5     4    16     5    14    24     3    20    11    25    11     5    10    17    37    12     6    17     5     8     4    11     9 
п     1     7     1     0     7    10     6    16     9     4     5     5    22     6    31     8     4     6     8     8     2     2     2     2     4     6     8     0     9    13     5 
р     9     3     0     0     4     0     0    14     0    20     1     3     3     0     2     0     5     1     5     1    18     1     0     4     2     1     0     0    21     1    17 
с     7     2     1     2     1     4    13     6     0    10    48     1     2     1    16     0     1     5     1     2     3     2     0     9    16     8     3     0     4     1    11 
т     0     0     0     1     9     1     5    21     1     0     1     8     0     0     4     0     0     1     0     0     4     1    24     0     0     0     8     0     0     2     1 
у     4     2     1     1     1     5     6     6     6     6     0     3     2     5     2     4    12     6     3    17     7     1     3     6     6    14     6     5    10     6    23 
ф     4    12     4     0     1     9     3     4     5     3     1     8     5     1    23     1     4     9     3     6     2     1     0     1    13     5     5     1     0     7     4 
х     1     0     0     0     8     5     1    17     0     3     1    10     2     0     3    14     0     1     0     1     4     0     0     0     0     9     5     3     1     0    19 
ц     3     5     0     1     7     9    10     4     1     3     7    16     6     3     5    15     5     5     1     1     1     2     1     7     7     2     8     2     4     5     7 
ч     6     8     5     1     6     0     9     8     1     2     5     0    14     2     4     5     1     6     3     3    19     2     1     6     7     1     5     1     1     0     3 
ш    14    17    12     0     9    14     9    14     4    34     8    12    20     8    12     4     6    20     4    12     8     1     4     2    11    11     7     7     4     3    52 
щ     0     0     0     0     0     8    37    12     1     1    32     5     0     0     9    16     3     0     1     5     0     0     0    17     0     0     6     0     0     0     7 
ы     7    12    13     1     3    11    10    16     9    23    12     7     2     6    13     5    11     6     2     2     2    12    11     5     8    21    11     1     6     6    15 
ь     1     0     0     3     0     1     0     5     1     0     0     1    12     0    20     3     1     0     0     0     4     0     1     0     3     1     1     0     2     1     0 
э     0     3     1     1     8     3    16    10     1    14     2     1     2     0     5     4     2     5     4     2     1     0     1     5     0     2    17     0     0     2     2 
ю     6     0     0     1    18     0     2     6     0     3     2     0     1     8     0    33     1     0     0     6     0     0     0     0    25     0     2     0     3     0     4 
я    12    11     9     5    18    14     6    15     3     8     8     6    19     8    27    12    11    12     5     8     4    13     7     2    14     6    12     5     4     7    19 
